[LATENCY]
CL1 = 2.473870715526414e-08
CL2 = 3.4287052756681295
CL3 = 1.4201586554017505
CL4 = 110.61942027883735
CL5 = 32.591914153005334
CL6 = 388.43452575547366
CL7 = 0.0007556609622096226
CL8 = 96.09800732318499
CL9 = 770.952587435346
CL10 = 0.43695429542741543
